 <pre>

 Contingency table for Low clouds (octas)
 Selection: ALL    217 stations
Period: 20200901-20200930
Used {00,03,...,21} + 01 02 ... 09
 Limits    1.00000000       2.00000000       3.00000000       4.00000000       5.00000000       6.00000000       7.00000000    
 Each class is data <= limit, the very last > last limit
 Total number of values      328951
                                              OBSERVATION
                                 145599     6886     6580     4512     4772     3733     6507    14344 |    192933
                                   3454      765      959      562      695      466     1082     2093 |     10076
                                   2175      498      659      362      483      328      787     1478 |      6770
                    MNWC_preop     1546      449      591      305      460      270      573     1172 |      5366
                                   1628      420      512      347      433      287      612     1190 |      5429
                                   1768      545      663      386      542      327      698     1365 |      6294
                                   2529      728     1002      582      806      529     1123     2223 |      9522
                                  11157     5138     9210     4324     7754     4696    11379    38903 |     92561

                    SUM          169856    15429    20176    11380    15945    10636    22761    62768 |    328951
                                              OBSERVATION
                                 139904     5009     4508     3213     3326     2609     4550    11654 |    174773
                                   5922     1040     1212      719      847      647     1233     2533 |     14153
                                   3518      765      864      546      656      486      944     1779 |      9558
               MEPS_prodmbr000     2973      732      870      511      633      409      870     1565 |      8563
                                   2671      682      800      545      693      426      922     1584 |      8323
                                   2673      793     1017      574      800      530     1047     1877 |      9311
                                   3519     1067     1395      854     1118      783     1606     2962 |     13304
                                   8676     5341     9510     4418     7872     4746    11589    38814 |     90966

                    SUM          169856    15429    20176    11380    15945    10636    22761    62768 |    328951

