 <pre>

 Contingency table for Cloud base (m)
 Selection: ALL    222 stations
Period: 20200901-20200930
Used {00,03,...,21} + 01 02 ... 09
 Limits    70.0000000       150.000000       300.000000       600.000000       1000.00000       1500.00000       2500.00000       5000.00000    
 Each class is data <= limit, the very last > last limit
 Total number of values      322378
                                                       OBSERVATION
                                   3092     4962     1728      488      167      159      267      175     1561 |     12599
                                    651     2529     1631      485      148      117       82       40      221 |      5904
                                    547     3031     4287     2093      579      425      326      160      296 |     11744
                                    402     2065     5009     6951     2744     1689     1323      715      825 |     21723
                    MNWC_preop      289      972     2320     4906     6031     3716     2520     1444     1666 |     23864
                                    274      884     1544     2497     4006     6714     5342     2381     3340 |     26982
                                    201      692     1068     1847     1797     3150     6878     4181     2844 |     22658
                                    180      496      860     1211     1245     1762     3329     8583     4019 |     21685
                                   2153     3563     5214     7349     7982     9449    11474    13737   114298 |    175219

                    SUM            7789    19194    23661    27827    24699    27181    31541    31416   129070 |    322378
                                                       OBSERVATION
                                   3187     4988     1439      401      157      118      157      127      888 |     11462
                                    682     2774     1638      431      121       80       71       21       41 |      5859
                                    512     3470     4963     2275      612      440      308      101      112 |     12793
                                    358     1867     5169     7725     2957     1890     1375      531      609 |     22481
               MEPS_prodmbr000      229      831     2194     4966     6919     4095     2742     1363     1742 |     25081
                                    325      834     1421     2286     4090     7750     5881     2090     4648 |     29325
                                    204      561      997     1734     1561     3040     7546     3739     2795 |     22177
                                     86      321      687     1057     1091     1315     2772     8067     2181 |     17577
                                   2206     3548     5153     6952     7191     8453    10689    15377   116054 |    175623

                    SUM            7789    19194    23661    27827    24699    27181    31541    31416   129070 |    322378

