 <pre>

 Contingency table for Cloud cover (octas)
 Selection: Finland     69 stations
Period: 20200901-20200930
Used {00,03,...,21} + 01 02 ... 09
 Limits   0.500000000       1.50000000       2.50000000       3.50000000       4.50000000       5.50000000       6.50000000       7.50000000    
 Each class is data <= limit, the very last > last limit
 Total number of values      137828
                                                       OBSERVATION
                                  22788     3257      849     1208      527     1012      522     1826      895 |     32884
                                   2621      899      219      524      219      487      201     1206      710 |      7086
                                   1463      472       97      275      135      297      148      774      485 |      4146
                                   1152      382       96      250       97      222      117      712      467 |      3495
                    MNWC_preop     1023      372      117      202       97      260      110      672      440 |      3293
                                    988      406      112      223      114      288      123      814      456 |      3524
                                   1192      435      111      292      141      311      162     1128      570 |      4342
                                   1718      698      198      432      223      520      268     1945     1106 |      7108
                                   5964     3362     1033     2285     1292     3812     1894    25852    26456 |     71950

                    SUM           38909    10283     2832     5691     2845     7209     3545    34929    31585 |    137828
                                                       OBSERVATION
                                  19929     2430      575      798      330      621      303     1026      498 |     26510
                                   3670     1067      295      560      222      499      229      995      661 |      8198
                                   2140      634      176      351      199      346      183      876      589 |      5494
                                   1534      508      135      300      182      304      125      855      484 |      4427
               MEPS_prodmbr000     1374      510      127      305      154      320      155      971      542 |      4458
                                   1410      531      147      302      164      380      147     1091      599 |      4771
                                   1555      600      169      363      194      433      224     1493      792 |      5823
                                   2147      949      261      600      293      760      396     2700     1487 |      9593
                                   5150     3054      947     2112     1107     3546     1783    24922    25933 |     68554

                    SUM           38909    10283     2832     5691     2845     7209     3545    34929    31585 |    137828

