 <pre>

 Contingency table for Low clouds (octas)
 Selection: Finland     69 stations
Period: 20200901-20200930
Used {00,03,...,21} + 01 02 ... 09
 Limits    1.00000000       2.00000000       3.00000000       4.00000000       5.00000000       6.00000000       7.00000000    
 Each class is data <= limit, the very last > last limit
 Total number of values       82217
                                              OBSERVATION
                                  44962      265     1459      295     1230      270     1482      712 |     50675
                                   1075       40      296       53      241       47      340      207 |      2299
                                    701       24      218       32      175       32      259      138 |      1579
                    MNWC_preop      493       24      202       25      163       31      193      131 |      1262
                                    523       29      200       27      154       27      216      143 |      1319
                                    561       41      248       30      210       35      246      183 |      1554
                                    797       46      358       53      301       67      388      288 |      2298
                                   4038      258     4261      273     3501      400     4208     4292 |     21231

                    SUM           53150      727     7242      788     5975      909     7332     6094 |     82217
                                              OBSERVATION
                                  43280      159      879      185      825      168     1049      625 |     47170
                                   1838       53      325       60      244       65      352      202 |      3139
                                   1090       31      254       33      204       42      271      160 |      2085
               MEPS_prodmbr000      932       47      241       46      214       30      267      141 |      1918
                                    921       45      252       56      231       49      281      196 |      2031
                                    887       47      364       44      291       58      359      210 |      2260
                                   1195       67      505       83      432      107      506      372 |      3267
                                   3007      278     4422      281     3534      390     4247     4188 |     20347

                    SUM           53150      727     7242      788     5975      909     7332     6094 |     82217

