 <pre>

 Contingency table for U10m (m/s)
 Selection: ALL   1006 stations
Period: 20200901-20200930
Used {00,03,...,21} + 01 02 ... 09
 Limits    1.50000000       3.29999995       5.50000000       8.00000000       10.8000002       13.8999996       24.5000000    
 Each class is data <= limit, the very last > last limit
 Total number of values     1761949
                                              OBSERVATION
                                 198514    80692     9326     1185      282       32        3        3 |    290037
                                 153997   307113    93860    11494     2094      412       39        3 |    569012
                                  23554   152078   208258    71093     8171     1499      258        4 |    464915
                    MNWC_preop     3365    21380    77398   111533    36450     5148      828        2 |    256104
                                   1080     2059    10028    35471    50207    20184     2914        4 |    121947
                                    294      255     1057     3642    11365    19548     9037       20 |     45218
                                     81       26      131      320     1031     3112     9640      317 |     14658
                                      0        0        0        1        5        7       32       13 |        58

                    SUM          380885   563603   400058   234739   109605    49942    22751      366 |   1761949
                                              OBSERVATION
                                 199905    79916     8919     1108      244       29        4        3 |    290128
                                 153146   307623    91929    10882     2032      420       29        3 |    566064
                                  23051   152448   210801    71029     7818     1454      262        3 |    466866
               MEPS_prodmbr000     3341    21404    77411   112762    36810     5153      815        3 |    257699
                                   1066     1922     9831    35071    50603    20401     2943        8 |    121845
                                    285      260     1020     3566    11119    19393     9103       12 |     44758
                                     91       30      147      321      972     3083     9568      325 |     14537
                                      0        0        0        0        7        9       27        9 |        52

                    SUM          380885   563603   400058   234739   109605    49942    22751      366 |   1761949

