 <pre>

 Contingency table for Cloud base (m)
 Selection: Finland     71 stations
Period: 20200901-20200930
Used {00,03,...,21} + 01 02 ... 09
 Limits    70.0000000       150.000000       300.000000       600.000000       1000.00000       1500.00000       2500.00000       5000.00000    
 Each class is data <= limit, the very last > last limit
 Total number of values       83224
                                                       OBSERVATION
                                    383      159      213       67       57       59       60       71      455 |      1524
                                     47      174      291      104       61       72       42       26       65 |       882
                                     35      180      715      611      251      244      210       98       92 |      2436
                                     35       96      609     1605      965      874      766      439      276 |      5665
                    MNWC_preop       30       36      242      838     1502     1457     1110      757      627 |      6599
                                     46       70      213      421      731     1622     1516     1030     1104 |      6753
                                     48       54      170      368      442      738     1577     1487      872 |      5756
                                     47       39       91      195      256      337      729     2515     1318 |      5527
                                    422      211      570      737     1005     1459     1846     3176    38656 |     48082

                    SUM            1093     1019     3114     4946     5270     6862     7856     9599    43465 |     83224
                                                       OBSERVATION
                                    361      136      134       54       38       51       39       46      197 |      1056
                                     55      173      278       89       60       55       30       17       20 |       777
                                     30      226      756      611      267      299      191       71       29 |      2480
                                     24       80      685     1759     1085     1004      819      343      207 |      6006
               MEPS_prodmbr000       45       38      241      753     1614     1667     1288      727      650 |      7023
                                     42       50      187      421      682     1687     1582      914     1566 |      7131
                                     63       57      151      344      331      659     1673     1451      929 |      5658
                                     20       40       98      173      230      244      645     2504      829 |      4783
                                    453      219      584      742      963     1196     1589     3526    39038 |     48310

                    SUM            1093     1019     3114     4946     5270     6862     7856     9599    43465 |     83224

