 <pre>

 Contingency table for Cloud cover (octas)
 Selection: BalticStates     57 stations
Period: 20200901-20200930
Used {00,03,...,21} + 01 02 ... 09
 Limits   0.500000000       1.50000000       2.50000000       3.50000000       4.50000000       5.50000000       6.50000000       7.50000000    
 Each class is data <= limit, the very last > last limit
 Total number of values       56034
                                                       OBSERVATION
                                   9002     1383     1013      686      459      426      559     1050      506 |     15084
                                   1056      268      223      180      146      146      224      540      297 |      3080
                                    602      134      124       86       81       89      143      327      198 |      1784
                                    454      105       94       85       62       77      108      260      151 |      1396
                    MNWC_preop      460      101      115       88       74       89      130      284      157 |      1498
                                    417      113       98       74       82       81      135      301      195 |      1496
                                    508      159       84       90       92      133      204      489      227 |      1986
                                    736      239      168      153      155      191      306      893      495 |      3336
                                   2146      934      685      637      793      910     1691    10115     8463 |     26374

                    SUM           15381     3436     2604     2079     1944     2142     3500    14259    10689 |     56034
                                                       OBSERVATION
                                   7519      969      741      486      302      285      331      576      292 |     11501
                                   1353      351      253      198      170      154      218      468      225 |      3390
                                    815      209      160      132      109       90      177      365      197 |      2254
                                    626      160      117       95       81       90      157      381      185 |      1892
               MEPS_prodmbr000      626      173      140      120      105      117      152      385      186 |      2004
                                    672      172      125      106       97      121      180      496      222 |      2191
                                    755      197      161      129      167      152      234      684      321 |      2800
                                   1034      313      274      233      203      260      416     1263      664 |      4660
                                   1981      892      633      580      710      873     1635     9641     8397 |     25342

                    SUM           15381     3436     2604     2079     1944     2142     3500    14259    10689 |     56034

