 <pre>

 Contingency table for U10m (m/s)
 Selection: Norway    198 stations
Period: 20200901-20200930
Used {00,03,...,21} + 01 02 ... 09
 Limits    1.50000000       3.29999995       5.50000000       8.00000000       10.8000002       13.8999996       24.5000000    
 Each class is data <= limit, the very last > last limit
 Total number of values      388304
                                              OBSERVATION
                                  53246    23072     4670      687      159       29        3        3 |     81869
                                  36616    45301    22287     4486      886      128       18        0 |    109722
                                   9135    24985    34157    16364     3105      473       55        0 |     88274
                    MNWC_preop     1676     6096    15440    21180    10104     1760      219        0 |     56475
                                    212      952     2808     7994    11919     6157     1139        0 |     31181
                                     11      116      341     1098     3496     5897     3657       11 |     14627
                                      0       14       43       63      358     1216     4251      186 |      6131
                                      0        0        0        0        0        0       12       13 |        25

                    SUM          100896   100536    79746    51872    30027    15660     9354      213 |    388304
                                              OBSERVATION
                                  53038    22511     4447      659      133       29        4        3 |     80824
                                  36707    45319    21804     4256      892      119        8        0 |    109105
                                   9259    25422    34785    16401     2981      484       71        0 |     89403
               MEPS_prodmbr000     1686     6250    15565    21371    10206     1760      211        0 |     57049
                                    190      892     2765     7974    11947     6118     1134        2 |     31022
                                     15      130      339     1150     3519     5915     3622        6 |     14696
                                      1       12       41       61      349     1235     4294      193 |      6186
                                      0        0        0        0        0        0       10        9 |        19

                    SUM          100896   100536    79746    51872    30027    15660     9354      213 |    388304

