 <pre>

 Contingency table for Cloud cover (octas)
 Selection: Sweden    108 stations
Period: 20200901-20200930
Used {00,03,...,21} + 01 02 ... 09
 Limits   0.500000000       1.50000000       2.50000000       3.50000000       4.50000000       5.50000000       6.50000000       7.50000000    
 Each class is data <= limit, the very last > last limit
 Total number of values      198946
                                                       OBSERVATION
                                  34848     3842     2285     1986     1692     1441     1499     2171     6081 |     55845
                                   4064      775      621      526      575      511      570     1012     3072 |     11726
                                   2270      434      311      340      299      316      319      627     1785 |      6701
                                   1706      360      236      245      239      242      282      535     1482 |      5327
                    MNWC_preop     1608      349      219      195      216      236      245      478     1407 |      4953
                                   1559      348      232      208      238      229      251      492     1501 |      5058
                                   1808      412      304      267      267      293      335      652     1907 |      6245
                                   2845      624      455      431      423      466      525     1139     3248 |     10156
                                  10959     3266     2380     2451     2587     2933     3472     8745    56142 |     92935

                    SUM           61667    10410     7043     6649     6536     6667     7498    15851    76625 |    198946
                                                       OBSERVATION
                                  30837     2899     1689     1381     1106      961     1018     1430     3753 |     45074
                                   6011     1157      790      696      617      602      601      979     2916 |     14369
                                   3308      661      417      431      443      398      410      767     2191 |      9026
                                   2389      513      321      347      365      328      343      633     1848 |      7087
               MEPS_prodmbr000     2113      463      342      330      328      307      357      686     1765 |      6691
                                   2088      446      344      319      343      334      360      662     1950 |      6846
                                   2378      532      414      320      385      411      447      877     2589 |      8353
                                   3434      824      561      580      566      645      678     1419     4574 |     13281
                                   9109     2915     2165     2245     2383     2681     3284     8398    55039 |     88219

                    SUM           61667    10410     7043     6649     6536     6667     7498    15851    76625 |    198946

