 <pre>

 Contingency table for Cloud cover (octas)
 Selection: Norway     40 stations
Period: 20200901-20200930
Used {00,03,...,21} + 01 02 ... 09
 Limits   0.500000000       1.50000000       2.50000000       3.50000000       4.50000000       5.50000000       6.50000000       7.50000000    
 Each class is data <= limit, the very last > last limit
 Total number of values       23856
                                                       OBSERVATION
                                   1387      743      316      261      177      201      149      267      243 |      3744
                                    138       59       73       97       62       95       80      177      169 |       950
                                     92       23       30       53       41       46       63      144      106 |       598
                                     78       11       22       41       35       47       70      124       99 |       527
                    MNWC_preop       54       13       26       32       30       55       58      133       95 |       496
                                     59       12       17       39       35       53       80      133      124 |       552
                                     69       22       28       33       31       58       72      173      144 |       630
                                    119       31       40       58       67      102      138      331      255 |      1141
                                    611      147      268      298      355      548     1234     3860     7897 |     15218

                    SUM            2607     1061      820      912      833     1205     1944     5342     9132 |     23856
                                                       OBSERVATION
                                   1275      668      260      197      109      137       86      147      137 |      3016
                                    204       66       69       78       55       76       66      152      146 |       912
                                    113       47       52       75       49       56       65      129      106 |       692
                                     96       28       37       51       33       56       80      131      105 |       617
               MEPS_prodmbr000       74       30       36       47       36       59       73      129      136 |       620
                                     85       25       28       50       49       69       81      163      139 |       689
                                     94       28       36       47       51       75      101      209      163 |       804
                                    141       42       62       84       89      111      176      392      308 |      1405
                                    525      127      240      283      362      566     1216     3890     7892 |     15101

                    SUM            2607     1061      820      912      833     1205     1944     5342     9132 |     23856

