 <pre>

 Contingency table for Cloud base (m)
 Selection: Sweden    125 stations
Period: 20200901-20200930
Used {00,03,...,21} + 01 02 ... 09
 Limits    70.0000000       150.000000       300.000000       600.000000       1000.00000       1500.00000       2500.00000       5000.00000    
 Each class is data <= limit, the very last > last limit
 Total number of values      210583
                                                       OBSERVATION
                                   2516     4798     1506      405       92       93      183       78      977 |     10648
                                    568     2351     1316      338       58       39       28        7      138 |      4843
                                    469     2834     3459     1220      196       95       65       32      174 |      8544
                                    331     1959     4287     4799     1235      462      305      145      461 |     13984
                    MNWC_preop      238      931     2031     3803     4030     1817     1024      370      830 |     15074
                                    213      803     1277     1916     3012     4613     3292      959     1833 |     17918
                                    139      632      871     1380     1239     2166     4772     2169     1608 |     14976
                                    119      454      749      961      919     1313     2362     5255     2236 |     14368
                                   1591     3311     4532     6317     6590     7530     9061     9458    61838 |    110228

                    SUM            6184    18073    20028    21139    17371    18128    21092    18473    70095 |    210583
                                                       OBSERVATION
                                   2624     4846     1297      333       93       56      101       59      614 |     10023
                                    587     2596     1351      293       40       14       30        1       18 |      4930
                                    438     3235     4105     1372      185       82       59       15       74 |      9565
                                    315     1779     4341     5312     1256      460      283       70      361 |     14177
               MEPS_prodmbr000      161      784     1902     3977     4813     1959     1044      318      853 |     15811
                                    269      769     1175     1741     3174     5569     3716      851     2535 |     19799
                                    125      492      819     1314     1152     2169     5310     1762     1481 |     14624
                                     60      280      566      843      785      975     1916     4791     1044 |     11260
                                   1605     3292     4472     5954     5873     6844     8633    10606    63115 |    110394

                    SUM            6184    18073    20028    21139    17371    18128    21092    18473    70095 |    210583

