 <pre>

 Contingency table for Cloud cover (octas)
 Selection: ALL    603 stations
Period: 20200901-20200930
Used {00,03,...,21} + 01 02 ... 09
 Limits   0.500000000       1.50000000       2.50000000       3.50000000       4.50000000       5.50000000       6.50000000       7.50000000    
 Each class is data <= limit, the very last > last limit
 Total number of values      876708
                                                       OBSERVATION
                                 145625    26306    16832    12569     8013     8907     8356    12769    15889 |    255266
                                  13528     4227     3476     3479     2570     3259     3341     6254     8653 |     48787
                                   7499     2301     1884     1984     1475     2053     2180     4145     5493 |     29014
                                   5764     1757     1423     1588     1226     1743     1870     3580     4806 |     23757
                    MNWC_preop     5152     1692     1390     1453     1149     1737     1879     3483     4887 |     22822
                                   4917     1731     1425     1496     1250     1816     2075     3973     5439 |     24122
                                   5833     2022     1611     1819     1367     2219     2589     5307     6992 |     29759
                                   8366     2958     2318     2781     2039     3418     4187     9432    12752 |     48251
                                  27468    11743     7806    10129     8174    15730    20371    91988   201521 |    394930

                    SUM          224152    54737    38165    37298    27263    40882    46848   140931   266432 |    876708
                                                       OBSERVATION
                                 127811    20630    12439     8726     5378     5859     5340     7301     9126 |    202610
                                  19478     5720     4270     4020     2724     3463     3410     5577     7503 |     56165
                                  10785     3217     2547     2560     1887     2396     2532     4555     6032 |     36511
                                   8066     2520     1980     2095     1637     2162     2158     4195     5378 |     30191
               MEPS_prodmbr000     7232     2375     1960     2055     1586     2133     2358     4485     5679 |     29863
                                   7066     2371     1878     2017     1578     2313     2479     5051     6499 |     31252
                                   7949     2716     2300     2421     1891     2894     3292     6834     8773 |     39070
                                  11049     3970     3221     3607     2778     4552     5507    12372    16290 |     63346
                                  24716    11218     7570     9797     7804    15110    19772    90561   201152 |    387700

                    SUM          224152    54737    38165    37298    27263    40882    46848   140931   266432 |    876708

