 <pre>

 Contingency table for Low clouds (octas)
 Selection: Sweden    123 stations
Period: 20200901-20200930
Used {00,03,...,21} + 01 02 ... 09
 Limits    1.00000000       2.00000000       3.00000000       4.00000000       5.00000000       6.00000000       7.00000000    
 Each class is data <= limit, the very last > last limit
 Total number of values      218621
                                              OBSERVATION
                                  84613     6522     4689     4131     3226     3347     4473    13353 |    124354
                                   2034      710      590      485      422      396      622     1825 |      7084
                                   1261      458      390      303      282      280      444     1293 |      4711
                    MNWC_preop      903      415      332      269      274      220      301      990 |      3704
                                    905      377      270      309      253      241      322      994 |      3671
                                   1008      480      374      337      298      274      376     1121 |      4268
                                   1403      658      574      510      447      431      633     1839 |      6495
                                   5677     4650     4029     3830     3475     3939     5686    33048 |     64334

                    SUM           97804    14270    11248    10174     8677     9128    12857    54463 |    218621
                                              OBSERVATION
                                  81210     4785     3364     2979     2295     2372     3168    10808 |    110981
                                   3447      966      794      635      534      572      736     2275 |      9959
                                   2040      718      552      501      408      426      576     1574 |      6795
               MEPS_prodmbr000     1703      666      552      449      385      363      519     1371 |      6008
                                   1448      620      487      472      416      353      526     1330 |      5652
                                   1492      722      583      514      459      445      551     1596 |      6362
                                   1922      969      782      741      611      635      936     2480 |      9076
                                   4542     4824     4134     3883     3569     3962     5845    33029 |     63788

                    SUM           97804    14270    11248    10174     8677     9128    12857    54463 |    218621

