 <pre>

 Contingency table for Cloud cover (octas)
 Selection: Denmark     19 stations
Period: 20200901-20200930
Used {00,03,...,21} + 01 02 ... 09
 Limits   0.500000000       1.50000000       2.50000000       3.50000000       4.50000000       5.50000000       6.50000000       7.50000000    
 Each class is data <= limit, the very last > last limit
 Total number of values       36686
                                                       OBSERVATION
                                   7758     1593      130      461       92      442       66      728      372 |     11642
                                    845      425       54      190       51      175       32      315      182 |      2269
                                    484      238       19      103       30      107       20      190       99 |      1290
                                    368      166       14       75       12       90       23      160       77 |       985
                    MNWC_preop      334      186       13       92       11       85       24      151       76 |       972
                                    315      202       23       98       19      102       19      183       86 |      1047
                                    410      248       29      124       34      138       28      259       98 |      1368
                                    585      348       28      188       32      221       41      404      204 |      2051
                                   2295     1459      107      842      126     1241      203     5166     3623 |     15062

                    SUM           13394     4865      417     2173      407     2601      456     7556     4817 |     36686
                                                       OBSERVATION
                                   6441     1087       83      275       47      254       44      411      261 |      8903
                                   1228      527       51      181       41      173       44      336      136 |      2717
                                    694      305       26      135       28      104       16      247      119 |      1674
                                    502      269       21      139       30      130       18      197      106 |      1412
               MEPS_prodmbr000      485      236       23      116       35      124       27      219       74 |      1339
                                    468      252       16      116       35      146       22      230      101 |      1386
                                    544      287       29      145       24      166       33      296      148 |      1672
                                    768      458       51      246       39      262       70      538      214 |      2646
                                   2264     1444      117      820      128     1242      182     5082     3658 |     14937

                    SUM           13394     4865      417     2173      407     2601      456     7556     4817 |     36686

